3.000000000000000000e+02 1.513501081540874926e+00
3.035175879396985010e+02 1.512179620730572438e+00
3.070351758793970021e+02 1.510919722748117477e+00
3.105527638190955031e+02 1.509717486137953424e+00
3.140703517587939473e+02 1.508569308175859769e+00
3.175879396984924483e+02 1.507471859156587879e+00
3.211055276381909493e+02 1.506422059024612015e+00
3.246231155778894504e+02 1.505417056138012244e+00
3.281407035175879514e+02 1.504454207971269053e+00
3.316582914572864524e+02 1.503531063578282811e+00
3.351758793969848966e+02 1.502645347651790475e+00
3.386934673366833977e+02 1.501794946029588740e+00
3.422110552763818987e+02 1.500977892511242251e+00
3.457286432160803997e+02 1.500192356861411946e+00
3.492462311557789008e+02 1.499436633887432535e+00
3.527638190954774018e+02 1.498709133489325440e+00
3.562814070351759028e+02 1.498008371590161092e+00
3.597989949748744039e+02 1.497332961863526712e+00
3.633165829145728480e+02 1.496681608182889089e+00
3.668341708542713491e+02 1.496053097724983960e+00
3.703517587939698501e+02 1.495446294665965015e+00
3.738693467336683511e+02 1.494860134415022523e+00
3.773869346733668522e+02 1.494293618335615914e+00
3.809045226130652964e+02 1.493745808909305861e+00
3.844221105527637974e+02 1.493215825301583699e+00
3.879396984924622984e+02 1.492702839293044814e+00
3.914572864321607994e+02 1.492206071542811374e+00
3.949748743718593005e+02 1.491724788154319636e+00
3.984924623115578015e+02 1.491258297516449671e+00
4.020100502512563025e+02 1.490805947395601905e+00
4.055276381909548036e+02 1.490367122256614385e+00
4.090452261306533046e+02 1.489941240792556743e+00
4.125628140703517488e+02 1.489527753645281782e+00
4.160804020100502498e+02 1.489126141300356032e+00
4.195979899497487509e+02 1.488735912141490925e+00
4.231155778894472519e+02 1.488356600650989847e+00
4.266331658291457529e+02 1.487987765743967072e+00
4.301507537688441971e+02 1.487628989225213694e+00
4.336683417085426981e+02 1.487279874358597098e+00
4.371859296482411992e+02 1.486940044539790451e+00
4.407035175879397002e+02 1.486609142063963773e+00
4.442211055276382012e+02 1.486286826980794729e+00
4.477386934673367023e+02 1.485972776029848674e+00
4.512562814070352033e+02 1.485666681649975729e+00
4.547738693467337043e+02 1.485368251056934596e+00
4.582914572864322054e+02 1.485077205383933840e+00
4.618090452261306496e+02 1.484793278880265577e+00
4.653266331658291506e+02 1.484516218163581147e+00
4.688442211055276516e+02 1.484245781521769336e+00
4.723618090452260958e+02 1.483981738260700567e+00
4.758793969849245968e+02 1.483723868094442899e+00
4.793969849246230979e+02 1.483471960574805015e+00
4.829145728643215989e+02 1.483225814557347366e+00
4.864321608040200999e+02 1.482985237701210268e+00
4.899497487437186010e+02 1.482750046000326005e+00
4.934673366834171020e+02 1.482520063343798711e+00
4.969849246231156030e+02 1.482295121103370583e+00
5.005025125628141041e+02 1.482075057746092384e+00
5.040201005025126051e+02 1.481859718470445397e+00
5.075376884422110493e+02 1.481648954864293710e+00
5.110552763819095503e+02 1.481442624583193535e+00
5.145728643216079945e+02 1.481240591047658040e+00
5.180904522613066092e+02 1.481042723158127794e+00
5.216080402010049966e+02 1.480848895026454448e+00
5.251256281407034976e+02 1.480658985722811627e+00
5.286432160804019986e+02 1.480472879037020295e+00
5.321608040201004997e+02 1.480290463253360000e+00
5.356783919597990007e+02 1.480111630937985812e+00
5.391959798994975017e+02 1.479936278738154254e+00
5.427135678391960028e+02 1.479764307192506401e+00
5.462311557788945038e+02 1.479595620551711788e+00
5.497487437185930048e+02 1.479430126608827667e+00
5.532663316582915058e+02 1.479267736538778077e+00
5.567839195979900069e+02 1.479108364746375859e+00
5.603015075376883942e+02 1.478951928722390230e+00
5.638190954773870089e+02 1.478798348907155003e+00
5.673366834170853963e+02 1.478647548561272451e+00
5.708542713567840110e+02 1.478499453642992956e+00
5.743718592964823983e+02 1.478353992691868735e+00
5.778894472361808994e+02 1.478211096718321294e+00
5.814070351758794004e+02 1.478070699098773533e+00
5.849246231155779014e+02 1.477932735476029880e+00
5.884422110552764025e+02 1.477797143664594248e+00
5.919597989949749035e+02 1.477663863560659596e+00
5.954773869346734045e+02 1.477532837056493742e+00
5.989949748743717919e+02 1.477404007958974530e+00
6.025125628140704066e+02 1.477277321912054964e+00
6.060301507537687939e+02 1.477152726322929377e+00
6.095477386934674087e+02 1.477030170291701028e+00
6.130653266331657960e+02 1.476909604544365262e+00
6.165829145728644107e+02 1.476790981368924172e+00
6.201005025125627981e+02 1.476674254554463550e+00
6.236180904522612991e+02 1.476559379333037159e+00
6.271356783919598001e+02 1.476446312324214416e+00
6.306532663316583012e+02 1.476335011482138748e+00
6.341708542713568022e+02 1.476225436044979356e+00
6.376884422110553032e+02 1.476117546486640952e+00
6.412060301507538043e+02 1.476011304470627339e+00
6.447236180904521916e+02 1.475906672805933795e+00
6.482412060301508063e+02 1.475803615404880365e+00
6.517587939698491937e+02 1.475702097242779232e+00
6.552763819095478084e+02 1.475602084319343810e+00
6.587939698492461957e+02 1.475503543621757618e+00
6.623115577889448105e+02 1.475406443089322117e+00
6.658291457286431978e+02 1.475310751579594903e+00
6.693467336683416988e+02 1.475216438835959210e+00
6.728643216080401999e+02 1.475123475456549649e+00
6.763819095477387009e+02 1.475031832864465819e+00
6.798994974874372019e+02 1.474941483279216481e+00
6.834170854271357030e+02 1.474852399689332794e+00
6.869346733668342040e+02 1.474764555826102219e+00
6.904522613065327050e+02 1.474677926138360906e+00
6.939698492462312061e+02 1.474592485768297712e+00
6.974874371859295934e+02 1.474508210528231666e+00
7.010050251256282081e+02 1.474425076878306484e+00
7.045226130653265955e+02 1.474343061905066143e+00
7.080402010050252102e+02 1.474262143300871575e+00
7.115577889447235975e+02 1.474182299344115377e+00
7.150753768844220986e+02 1.474103508880210356e+00
7.185929648241205996e+02 1.474025751303300380e+00
7.221105527638191006e+02 1.473949006538677775e+00
7.256281407035176017e+02 1.473873255025865747e+00
7.291457286432161027e+02 1.473798477702340737e+00
7.326633165829146037e+02 1.473724655987865839e+00
7.361809045226131047e+02 1.473651771769409979e+00
7.396984924623116058e+02 1.473579807386623530e+00
7.432160804020099931e+02 1.473508745617857052e+00
7.467336683417086078e+02 1.473438569666682962e+00
7.502512562814069952e+02 1.473369263148915476e+00
7.537688442211056099e+02 1.473300810080099499e+00
7.572864321608039972e+02 1.473233194863448725e+00
7.608040201005026120e+02 1.473166402278217157e+00
7.643216080402009993e+02 1.473100417468484080e+00
7.678391959798995003e+02 1.473035225932338044e+00
7.713567839195980014e+02 1.472970813511439880e+00
7.748743718592965024e+02 1.472907166380950761e+00
7.783919597989950034e+02 1.472844271039811526e+00
7.819095477386935045e+02 1.472782114301361078e+00
7.854271356783920055e+02 1.472720683284274745e+00
7.889447236180903928e+02 1.472659965403812610e+00
7.924623115577890076e+02 1.472599948363367384e+00
7.959798994974873949e+02 1.472540620146302270e+00
7.994974874371860096e+02 1.472481969008051506e+00
8.030150753768843970e+02 1.472423983468501785e+00
8.065326633165830117e+02 1.472366652304615053e+00
8.100502512562813990e+02 1.472309964543302430e+00
8.135678391959799001e+02 1.472253909454528609e+00
8.170854271356784011e+02 1.472198476544645640e+00
8.206030150753769021e+02 1.472143655549944086e+00
8.241206030150754032e+02 1.472089436430411347e+00
8.276381909547739042e+02 1.472035809363691827e+00
8.311557788944724052e+02 1.471982764739242056e+00
8.346733668341709063e+02 1.471930293152673874e+00
8.381909547738694073e+02 1.471878385400271938e+00
8.417085427135679083e+02 1.471827032473692176e+00
8.452261306532662957e+02 1.471776225554819684e+00
8.487437185929647967e+02 1.471725956010792258e+00
8.522613065326632977e+02 1.471676215389177367e+00
8.557788944723617988e+02 1.471626995413298555e+00
8.592964824120602998e+02 1.471578287977705735e+00
8.628140703517588008e+02 1.471530085143784250e+00
8.663316582914573019e+02 1.471482379135498286e+00
8.698492462311558029e+02 1.471435162335263946e+00
8.733668341708543039e+02 1.471388427279945121e+00
8.768844221105528050e+02 1.471342166656972594e+00
8.804020100502513060e+02 1.471296373300579052e+00
8.839195979899498070e+02 1.471251040188140236e+00
8.874371859296483080e+02 1.471206160436633770e+00
8.909547738693468091e+02 1.471161727299196365e+00
8.944723618090451964e+02 1.471117734161782487e+00
8.979899497487436975e+02 1.471074174539923840e+00
9.015075376884421985e+02 1.471031042075578110e+00
9.050251256281406995e+02 1.470988330534074295e+00
9.085427135678392006e+02 1.470946033801142638e+00
9.120603015075377016e+02 1.470904145880028269e+00
9.155778894472362026e+02 1.470862660888692774e+00
9.190954773869347036e+02 1.470821573057089271e+00
9.226130653266332047e+02 1.470780876724517849e+00
9.261306532663317057e+02 1.470740566337054078e+00
9.296482412060302067e+02 1.470700636445051890e+00
9.331658291457287078e+02 1.470661081700710637e+00
9.366834170854272088e+02 1.470621896855718314e+00
9.402010050251255961e+02 1.470583076758948726e+00
9.437185929648240972e+02 1.470544616354233503e+00
9.472361809045225982e+02 1.470506510678186496e+00
9.507537688442210992e+02 1.470468754858092142e+00
9.542713567839196003e+02 1.470431344109848881e+00
9.577889447236181013e+02 1.470394273735968760e+00
9.613065326633166023e+02 1.470357539123633428e+00
9.648241206030151034e+02 1.470321135742793883e+00
9.683417085427136044e+02 1.470285059144335493e+00
9.718592964824121054e+02 1.470249304958274772e+00
9.753768844221106065e+02 1.470213868892016329e+00
9.788944723618091075e+02 1.470178746728652008e+00
9.824120603015076085e+02 1.470143934325299995e+00
9.859296482412061096e+02 1.470109427611495434e+00
9.894472361809044969e+02 1.470075222587617469e+00
9.929648241206029979e+02 1.470041315323356468e+00
9.964824120603014990e+02 1.470007701956224988e+00
1.000000000000000000e+03 1.469974378690103389e+00
