3.000000000000000000e+02 1.487736451048248476e+00
3.035175879396985010e+02 1.486822656536285425e+00
3.070351758793970021e+02 1.485948471288692341e+00
3.105527638190955031e+02 1.485111305616760857e+00
3.140703517587939473e+02 1.484308795527200076e+00
3.175879396984924483e+02 1.483538778216903831e+00
3.211055276381909493e+02 1.482799270744072917e+00
3.246231155778894504e+02 1.482088451398460682e+00
3.281407035175879514e+02 1.481404643374852226e+00
3.316582914572864524e+02 1.480746300419726103e+00
3.351758793969848966e+02 1.480111994174709178e+00
3.386934673366833977e+02 1.479500402984340823e+00
3.422110552763818987e+02 1.478910301971793295e+00
3.457286432160803997e+02 1.478340554216074354e+00
3.492462311557789008e+02 1.477790102889015245e+00
3.527638190954774018e+02 1.477257964231045273e+00
3.562814070351759028e+02 1.476743221262045047e+00
3.597989949748744039e+02 1.476245018138124143e+00
3.633165829145728480e+02 1.475762555077440474e+00
3.668341708542713491e+02 1.475295083788548123e+00
3.703517587939698501e+02 1.474841903343600658e+00
3.738693467336683511e+02 1.474402356446233187e+00
3.773869346733668522e+02 1.473975826050366589e+00
3.809045226130652964e+02 1.473561732291697624e+00
3.844221105527637974e+02 1.473159529698351067e+00
3.879396984924622984e+02 1.472768704651254090e+00
3.914572864321607994e+02 1.472388773068314061e+00
3.949748743718593005e+02 1.472019278289549815e+00
3.984924623115578015e+02 1.471659789142938157e+00
4.020100502512563025e+02 1.471309898173094766e+00
4.055276381909548036e+02 1.470969220016886903e+00
4.090452261306533046e+02 1.470637389911839898e+00
4.125628140703517488e+02 1.470314062324766802e+00
4.160804020100502498e+02 1.469998909689367306e+00
4.195979899497487509e+02 1.469691621242770641e+00
4.231155778894472519e+02 1.469391901952019408e+00
4.266331658291457529e+02 1.469099471522436140e+00
4.301507537688441971e+02 1.468814063480628374e+00
4.336683417085426981e+02 1.468535424325615013e+00
4.371859296482411992e+02 1.468263312742210447e+00
4.407035175879397002e+02 1.467997498871359330e+00
4.442211055276382012e+02 1.467737763632652070e+00
4.477386934673367023e+02 1.467483898094680717e+00
4.512562814070352033e+02 1.467235702889329696e+00
4.547738693467337043e+02 1.466992987666426274e+00
4.582914572864322054e+02 1.466755570585545954e+00
4.618090452261306496e+02 1.466523277842016526e+00
4.653266331658291506e+02 1.466295943224464882e+00
4.688442211055276516e+02 1.466073407701458553e+00
4.723618090452260958e+02 1.465855519035038190e+00
4.758793969849245968e+02 1.465642131419087946e+00
4.793969849246230979e+02 1.465433105140720116e+00
4.829145728643215989e+02 1.465228306262941649e+00
4.864321608040200999e+02 1.465027606327083065e+00
4.899497487437186010e+02 1.464830882073533180e+00
4.934673366834171020e+02 1.464638015179491992e+00
4.969849246231156030e+02 1.464448892012527148e+00
5.005025125628141041e+02 1.464263403398834207e+00
5.040201005025126051e+02 1.464081444405177068e+00
5.075376884422110493e+02 1.463902914133577760e+00
5.110552763819095503e+02 1.463727715527883388e+00
5.145728643216079945e+02 1.463555755191417340e+00
5.180904522613066092e+02 1.463386943214975089e+00
5.216080402010049966e+02 1.463221193014482946e+00
5.251256281407034976e+02 1.463058421177690693e+00
5.286432160804019986e+02 1.462898547319313458e+00
5.321608040201004997e+02 1.462741493944083704e+00
5.356783919597990007e+02 1.462587186317206855e+00
5.391959798994975017e+02 1.462435552341763367e+00
5.427135678391960028e+02 1.462286522442619585e+00
5.462311557788945038e+02 1.462140029456441948e+00
5.497487437185930048e+02 1.461996008527455482e+00
5.532663316582915058e+02 1.461854397008581108e+00
5.567839195979900069e+02 1.461715134367643110e+00
5.603015075376883942e+02 1.461578162098337907e+00
5.638190954773870089e+02 1.461443423635683025e+00
5.673366834170853963e+02 1.461310864275688015e+00
5.708542713567840110e+02 1.461180431099000421e+00
5.743718592964823983e+02 1.461052072898295418e+00
5.778894472361808994e+02 1.460925740109205062e+00
5.814070351758794004e+02 1.460801384744570885e+00
5.849246231155779014e+02 1.460678960331853515e+00
5.884422110552764025e+02 1.460558421853506594e+00
5.919597989949749035e+02 1.460439725690159118e+00
5.954773869346734045e+02 1.460322829566453651e+00
5.989949748743717919e+02 1.460207692499395637e+00
6.025125628140704066e+02 1.460094274749071719e+00
6.060301507537687939e+02 1.459982537771620681e+00
6.095477386934674087e+02 1.459872444174332262e+00
6.130653266331657960e+02 1.459763957672761236e+00
6.165829145728644107e+02 1.459657043049753744e+00
6.201005025125627981e+02 1.459551666116286173e+00
6.236180904522612991e+02 1.459447793674021998e+00
6.271356783919598001e+02 1.459345393479501984e+00
6.306532663316583012e+02 1.459244434209880925e+00
6.341708542713568022e+02 1.459144885430137872e+00
6.376884422110553032e+02 1.459046717561681916e+00
6.412060301507538043e+02 1.458949901852286013e+00
6.447236180904521916e+02 1.458854410347287356e+00
6.482412060301508063e+02 1.458760215861982346e+00
6.517587939698491937e+02 1.458667291955171752e+00
6.552763819095478084e+02 1.458575612903790342e+00
6.587939698492461957e+02 1.458485153678570789e+00
6.623115577889448105e+02 1.458395889920697686e+00
6.658291457286431978e+02 1.458307797919401683e+00
6.693467336683416988e+02 1.458220854590445592e+00
6.728643216080401999e+02 1.458135037455471794e+00
6.763819095477387009e+02 1.458050324622158112e+00
6.798994974874372019e+02 1.457966694765154392e+00
6.834170854271357030e+02 1.457884127107763605e+00
6.869346733668342040e+02 1.457802601404327270e+00
6.904522613065327050e+02 1.457722097923288551e+00
6.939698492462312061e+02 1.457642597430904852e+00
6.974874371859295934e+02 1.457564081175575232e+00
7.010050251256282081e+02 1.457486530872758479e+00
7.045226130653265955e+02 1.457409928690458489e+00
7.080402010050252102e+02 1.457334257235246122e+00
7.115577889447235975e+02 1.457259499538799519e+00
7.150753768844220986e+02 1.457185639044940251e+00
7.185929648241205996e+02 1.457112659597141313e+00
7.221105527638191006e+02 1.457040545426486533e+00
7.256281407035176017e+02 1.456969281140067629e+00
7.291457286432161027e+02 1.456898851709795606e+00
7.326633165829146037e+02 1.456829242461612495e+00
7.361809045226131047e+02 1.456760439065077684e+00
7.396984924623116058e+02 1.456692427523332833e+00
7.432160804020099931e+02 1.456625194163408743e+00
7.467336683417086078e+02 1.456558725626871054e+00
7.502512562814069952e+02 1.456493008860791916e+00
7.537688442211056099e+02 1.456428031109030519e+00
7.572864321608039972e+02 1.456363779903810052e+00
7.608040201005026120e+02 1.456300243057583321e+00
7.643216080402009993e+02 1.456237408655173260e+00
7.678391959798995003e+02 1.456175265046173228e+00
7.713567839195980014e+02 1.456113800837607553e+00
7.748743718592965024e+02 1.456053004886829205e+00
7.783919597989950034e+02 1.455992866294657517e+00
7.819095477386935045e+02 1.455933374398737934e+00
7.854271356783920055e+02 1.455874518767120041e+00
7.889447236180903928e+02 1.455816289192042978e+00
7.924623115577890076e+02 1.455758675683921144e+00
7.959798994974873949e+02 1.455701668465527732e+00
7.994974874371860096e+02 1.455645257966356132e+00
8.030150753768843970e+02 1.455589434817168071e+00
8.065326633165830117e+02 1.455534189844709170e+00
8.100502512562813990e+02 1.455479514066591928e+00
8.135678391959799001e+02 1.455425398686340799e+00
8.170854271356784011e+02 1.455371835088587362e+00
8.206030150753769021e+02 1.455318814834417607e+00
8.241206030150754032e+02 1.455266329656860202e+00
8.276381909547739042e+02 1.455214371456515554e+00
8.311557788944724052e+02 1.455162932297313860e+00
8.346733668341709063e+02 1.455112004402405512e+00
8.381909547738694073e+02 1.455061580150173617e+00
8.417085427135679083e+02 1.455011652070366646e+00
8.452261306532662957e+02 1.454962212840345437e+00
8.487437185929647967e+02 1.454913255281443663e+00
8.522613065326632977e+02 1.454864772355433544e+00
8.557788944723617988e+02 1.454816757161095708e+00
8.592964824120602998e+02 1.454769202930894290e+00
8.628140703517588008e+02 1.454722103027737523e+00
8.663316582914573019e+02 1.454675450941846471e+00
8.698492462311558029e+02 1.454629240287701908e+00
8.733668341708543039e+02 1.454583464801086690e+00
8.768844221105528050e+02 1.454538118336205832e+00
8.804020100502513060e+02 1.454493194862896299e+00
8.839195979899498070e+02 1.454448688463908290e+00
8.874371859296483080e+02 1.454404593332267570e+00
8.909547738693468091e+02 1.454360903768709523e+00
8.944723618090451964e+02 1.454317614179184925e+00
8.979899497487436975e+02 1.454274719072437216e+00
9.015075376884421985e+02 1.454232213057641054e+00
9.050251256281406995e+02 1.454190090842114147e+00
9.085427135678392006e+02 1.454148347229082594e+00
9.120603015075377016e+02 1.454106977115514399e+00
9.155778894472362026e+02 1.454065975490006934e+00
9.190954773869347036e+02 1.454025337430735032e+00
9.226130653266332047e+02 1.453985058103448580e+00
9.261306532663317057e+02 1.453945132759532077e+00
9.296482412060302067e+02 1.453905556734107041e+00
9.331658291457287078e+02 1.453866325444191476e+00
9.366834170854272088e+02 1.453827434386903761e+00
9.402010050251255961e+02 1.453788879137714263e+00
9.437185929648240972e+02 1.453750655348746035e+00
9.472361809045225982e+02 1.453712758747114142e+00
9.507537688442210992e+02 1.453675185133312953e+00
9.542713567839196003e+02 1.453637930379641618e+00
9.577889447236181013e+02 1.453600990428673301e+00
9.613065326633166023e+02 1.453564361291760143e+00
9.648241206030151034e+02 1.453528039047577769e+00
9.683417085427136044e+02 1.453492019840707972e+00
9.718592964824121054e+02 1.453456299880253599e+00
9.753768844221106065e+02 1.453420875438494075e+00
9.788944723618091075e+02 1.453385742849568008e+00
9.824120603015076085e+02 1.453350898508193101e+00
9.859296482412061096e+02 1.453316338868415825e+00
9.894472361809044969e+02 1.453282060442393497e+00
9.929648241206029979e+02 1.453248059799205016e+00
9.964824120603014990e+02 1.453214333563690230e+00
1.000000000000000000e+03 1.453180878415320398e+00
