4.046999999999999886e+02 1.505186796439699881e+00
4.115000000000000000e+02 1.504243702588100140e+00
4.183000000000000114e+02 1.503350706864700070e+00
4.250000000000000000e+02 1.502516351079099977e+00
4.318000000000000114e+02 1.501712503366799956e+00
4.385999999999999659e+02 1.500948970449200059e+00
4.454000000000000341e+02 1.500223029300899791e+00
4.521999999999999886e+02 1.499532187366200198e+00
4.589999999999999432e+02 1.498874159081200030e+00
4.656999999999999886e+02 1.498255857326700191e+00
4.725000000000000000e+02 1.497656916579000130e+00
4.793000000000000114e+02 1.497085004794999952e+00
4.860999999999999659e+02 1.496538478199000100e+00
4.928999999999999773e+02 1.496015817921499957e+00
4.996999999999999886e+02 1.495515618591799933e+00
5.063999999999999773e+02 1.495043475464800098e+00
5.132000000000000455e+02 1.494584100950100192e+00
5.200000000000000000e+02 1.494143571460500031e+00
5.268000000000000682e+02 1.493720842644899793e+00
5.335999999999999091e+02 1.493314942265300260e+00
5.403999999999999773e+02 1.492924964215899930e+00
5.471000000000000227e+02 1.492555470992199984e+00
5.538999999999999773e+02 1.492194652676300137e+00
5.606999999999999318e+02 1.491847394160499940e+00
5.675000000000000000e+02 1.491513004044899837e+00
5.743000000000000682e+02 1.491190834718999936e+00
5.810999999999999091e+02 1.490880279030700084e+00
5.877999999999999545e+02 1.490585094430899815e+00
5.946000000000000227e+02 1.490295940662299978e+00
6.014000000000000909e+02 1.490016799946800141e+00
6.081999999999999318e+02 1.489747198712300102e+00
6.150000000000000000e+02 1.489486691099300097e+00
6.218000000000000682e+02 1.489234857012899926e+00
6.285000000000000000e+02 1.488994823899000064e+00
6.352999999999999545e+02 1.488759057213500103e+00
6.421000000000000227e+02 1.488530846219699999e+00
6.488999999999999773e+02 1.488309857091999922e+00
6.556999999999999318e+02 1.488095774159899909e+00
6.625000000000000000e+02 1.487888298720200009e+00
6.692000000000000455e+02 1.487690061519900020e+00
6.759999999999998863e+02 1.487494880222099969e+00
6.827999999999999545e+02 1.487305505176999887e+00
6.896000000000000227e+02 1.487121695176399916e+00
6.963999999999999773e+02 1.486943221259300119e+00
7.032000000000000455e+02 1.486769865961799830e+00
7.098999999999999773e+02 1.486603865095300181e+00
7.167000000000000455e+02 1.486440069228200045e+00
7.235000000000000000e+02 1.486280804523099963e+00
7.302999999999999545e+02 1.486125892874899712e+00
7.371000000000000227e+02 1.485975164650100266e+00
7.438999999999999773e+02 1.485828458197999913e+00
7.506000000000000227e+02 1.485687692658000048e+00
7.573999999999999773e+02 1.485548520797699945e+00
7.642000000000000455e+02 1.485412931259699976e+00
7.709999999999998863e+02 1.485280789963999926e+00
7.778000000000000682e+02 1.485151968817800094e+00
7.845000000000000000e+02 1.485028170192600250e+00
7.912999999999999545e+02 1.484905582921999923e+00
7.981000000000000227e+02 1.484785965890600190e+00
8.048999999999999773e+02 1.484669211816100232e+00
8.116999999999999318e+02 1.484555217964499851e+00
8.185000000000000000e+02 1.484443885911699734e+00
8.252000000000000455e+02 1.484336702637000016e+00
8.320000000000001137e+02 1.484230379256300081e+00
8.387999999999999545e+02 1.484126447341800104e+00
8.456000000000000227e+02 1.484024823551000072e+00
8.524000000000000909e+02 1.483925427858499901e+00
8.591999999999999318e+02 1.483828183391199929e+00
8.658999999999999773e+02 1.483734401080899934e+00
8.727000000000000455e+02 1.483641211272300087e+00
8.795000000000000000e+02 1.483549960441099991e+00
8.862999999999999545e+02 1.483460582801700012e+00
8.931000000000000227e+02 1.483373015020799990e+00
8.998999999999999773e+02 1.483287196099100091e+00
9.065999999999999091e+02 1.483204292477899866e+00
9.133999999999999773e+02 1.483121773438000002e+00
9.202000000000000455e+02 1.483040833961600136e+00
9.270000000000000000e+02 1.482961421294699988e+00
9.337999999999999545e+02 1.482883484513900063e+00
9.406000000000000227e+02 1.482806974440600056e+00
9.473000000000000682e+02 1.482732938654800048e+00
9.540999999999999091e+02 1.482659121752500031e+00
9.608999999999999773e+02 1.482586594334300178e+00
9.677000000000000455e+02 1.482515313400700085e+00
9.745000000000000000e+02 1.482445237327300047e+00
9.812999999999999545e+02 1.482376325800099925e+00
9.880000000000000000e+02 1.482309528638100060e+00
9.948000000000000682e+02 1.482242814478000215e+00
1.002000000000000000e+03 1.482173321183899883e+00
1.008000000000000000e+03 1.482116279979899920e+00
1.014999999999999886e+03 1.482050697630299840e+00
1.022000000000000000e+03 1.481986120319700007e+00
1.029000000000000227e+03 1.481922512345499987e+00
1.036000000000000000e+03 1.481859839007300117e+00
1.042000000000000000e+03 1.481806837290899681e+00
1.049000000000000227e+03 1.481745810857399981e+00
1.056000000000000000e+03 1.481685625003600126e+00
1.063000000000000000e+03 1.481626248446900052e+00
1.069000000000000000e+03 1.481575975246999910e+00
1.075999999999999773e+03 1.481518021301899912e+00
1.083000000000000000e+03 1.481460791426199908e+00
