3.022232223222322318e+02 1.674573600944509799e+00
3.072133213321332050e+02 1.674597402597402196e+00
3.122034203420341782e+02 1.674597402597402196e+00
3.171935193519352083e+02 1.674597402597402196e+00
3.221836183618361815e+02 1.674597402597402196e+00
3.271737173717371547e+02 1.674597402597402196e+00
3.321638163816381280e+02 1.674597402597402196e+00
3.371539153915392149e+02 1.674597402597402196e+00
3.421440144014401312e+02 1.674597402597402196e+00
3.471341134113411044e+02 1.674597402597402196e+00
3.503600360036003281e+02 1.649542857142856978e+00
3.521242124212421345e+02 1.674597402597402196e+00
3.529490221749447869e+02 1.647552774498228789e+00
3.552997299729972838e+02 1.645731948051948335e+00
3.571143114311431077e+02 1.674597402597402196e+00
3.577947794779477704e+02 1.643833766233765870e+00
3.600630063006300361e+02 1.641994493506493402e+00
3.621044104410441378e+02 1.674597402597402196e+00
3.626941494149414780e+02 1.640220675324675081e+00
3.650531053105310093e+02 1.638564675324675202e+00
3.670945094509451110e+02 1.674597402597402196e+00
3.673969396939693297e+02 1.637019220779220907e+00
3.699908606245239753e+02 1.635375024975024738e+00
3.720846084608460842e+02 1.674591452184179152e+00
3.725382538253825260e+02 1.633884675324675184e+00
3.750333033303329557e+02 1.632384675324675127e+00
3.775695933229686716e+02 1.630885667060212318e+00
3.808434535761267625e+02 1.629207192807192728e+00
3.846629572048113914e+02 1.627363022432113171e+00
3.875992799279927681e+02 1.625925402597402369e+00
3.907253088945258241e+02 1.624393766233765746e+00
3.939642733504119860e+02 1.622928591408591359e+00
3.979423942394240044e+02 1.621504415584415382e+00
4.013447344734473177e+02 1.620114675324675124e+00
4.052007200720072433e+02 1.618604675324675224e+00
4.092835283528353330e+02 1.617128311688311504e+00
4.131395139513950880e+02 1.615786493506493393e+00
4.172223222322231777e+02 1.614398857142856913e+00
4.217587758775877660e+02 1.612971948051948212e+00
4.265220522052206320e+02 1.611511121605666785e+00
4.315121512151216052e+02 1.610106824085005828e+00
4.365022502250225216e+02 1.608684675324675295e+00
4.414923492349234948e+02 1.607375584415584369e+00
4.464824482448245249e+02 1.606102195985831926e+00
4.514725472547254981e+02 1.604947815820543244e+00
4.564626462646264713e+02 1.603817237308146293e+00
4.614527452745275014e+02 1.602662857142856945e+00
4.664428442844284746e+02 1.601585832349468497e+00
4.714329432943295046e+02 1.600586162927980949e+00
4.764230423042303642e+02 1.599586493506493401e+00
4.814131413141313942e+02 1.598616576151121516e+00
4.864032403240323674e+02 1.597741865407320105e+00
4.913933393339332838e+02 1.596849303423849120e+00
4.963834383438343139e+02 1.595980543093270310e+00
5.013735373537353439e+02 1.595189138134592621e+00
5.063636363636363740e+02 1.594362030696576005e+00
5.113537353735373472e+02 1.593558724911452007e+00
5.163438343834383204e+02 1.592868476977567838e+00
5.213339333933392936e+02 1.592088972845336459e+00
5.263240324032402668e+02 1.591392774498229024e+00
5.313141314131413537e+02 1.590726328217237251e+00
5.363042304230423269e+02 1.590030129870129816e+00
5.412943294329433002e+02 1.589405336481700015e+00
5.462844284428442734e+02 1.588756741440377818e+00
5.512745274527452466e+02 1.588102195985832354e+00
5.562646264626462198e+02 1.587501204250295173e+00
5.612547254725471930e+02 1.586929964580873653e+00
5.662448244824482799e+02 1.586364675324675177e+00
5.712349234923492531e+02 1.585829138134592586e+00
5.762250225022502264e+02 1.585275749704840642e+00
5.812151215121513133e+02 1.584799716646989376e+00
5.862052205220522865e+02 1.584270129870129828e+00
5.911953195319531460e+02 1.583794096812278562e+00
5.961854185418541192e+02 1.583306162927980987e+00
6.011755175517552061e+02 1.582842030696576030e+00
6.061656165616562930e+02 1.582377898465170851e+00
6.111557155715572662e+02 1.581961369539551354e+00
6.161458145814581258e+02 1.581532939787485104e+00
6.211359135913590990e+02 1.581068807556079925e+00
6.261260126012601859e+02 1.580682030696575868e+00
6.311161116111612728e+02 1.580229799291617443e+00
6.361062106210621323e+02 1.579872774498229049e+00
6.410963096309631055e+02 1.579462195985832373e+00
6.460864086408640787e+02 1.579069468713105051e+00
6.510765076507650519e+02 1.578742195985832319e+00
6.560666066606660252e+02 1.578391121605666969e+00
6.610567056705669984e+02 1.578004344746163135e+00
6.660468046804680853e+02 1.577730625737898462e+00
6.710369036903690585e+02 1.577343848878394184e+00
6.760270027002700317e+02 1.577046328217237114e+00
6.810171017101710049e+02 1.576719055489964605e+00
6.860072007200719781e+02 1.576415584415584492e+00
6.909972997299729514e+02 1.576094262101534804e+00
6.959873987398738109e+02 1.575772939787485116e+00
7.009774977497748978e+02 1.575570625737898300e+00
7.059675967596760984e+02 1.575213600944510128e+00
7.109576957695770716e+02 1.575005336481700047e+00
7.159477947794778174e+02 1.574719716646989287e+00
7.209378937893787906e+02 1.574380543093270246e+00
7.259279927992799912e+02 1.574142526564344724e+00
7.309180918091809644e+02 1.573940212514758130e+00
7.359081908190818240e+02 1.573654592680047148e+00
7.408982898289827972e+02 1.573410625737898361e+00
7.458883888388837704e+02 1.573178559622196104e+00
7.508784878487849710e+02 1.572952443919716892e+00
7.558685868586857168e+02 1.572732278630460501e+00
7.608586858685866900e+02 1.572428807556080166e+00
7.658487848784876633e+02 1.572262195985832500e+00
7.708388838883888639e+02 1.572059881936245684e+00
7.758289828982898371e+02 1.571875419126328222e+00
7.808190819081908103e+02 1.571661204250294874e+00
7.858091809180917835e+02 1.571464840613931546e+00
7.907992799279927567e+02 1.571268476977567774e+00
7.957893789378937299e+02 1.571054262101534871e+00
7.989648964896489360e+02 1.570873766233766178e+00
